,0,1,2,3,4,5,6,7
verb,17.11,82.56,0.02,0.23,0.02,0.01,0.0,0.05
adj,0.15,87.19,0.92,0.09,1.77,0.13,6.97,2.79
compare,0.86,83.69,1.22,0.74,7.08,0.88,5.31,0.21
interrog,27.79,1.21,35.22,2.73,27.5,0.04,4.06,1.44
number,10.88,22.01,35.15,11.09,9.54,8.17,2.4,0.76
quant,18.59,0.05,36.59,28.77,15.34,0.0,0.47,0.2
affect,21.43,4.6,0.14,14.18,0.38,58.41,0.85,0.01
social,2.82,29.52,2.84,58.41,2.21,1.25,2.78,0.17
cogproc,0.28,21.85,46.21,11.21,2.52,8.92,8.94,0.07
percept,9.05,1.96,71.0,12.63,3.66,0.1,1.53,0.07
bio,51.3,18.31,7.33,2.62,14.15,0.9,0.3,5.09
drives,50.05,8.17,0.67,7.69,27.92,1.47,1.32,2.7
relativ,61.11,6.4,1.03,15.91,0.55,7.77,6.86,0.37
informal,74.45,10.12,0.39,2.69,5.55,5.81,0.02,0.98
AllPunc,83.9,3.78,1.47,1.74,0.54,3.06,2.38,3.13
